    A    R    N    D    C    Q    E    G    H    I    L    K    M    F    P    S    T    W    Y    V
A   3.2 -0.8 -1.6 -1.6  0.0 -0.8 -0.8  0.0 -1.6 -0.8 -0.8 -0.8 -0.8 -1.6 -0.8  0.8  0.0 -2.4 -1.6  0.0
R  -0.8  4.0  0.0 -1.6 -2.4  0.8  0.0 -1.6  0.0 -2.4 -1.6  1.6 -0.8 -2.4 -1.6 -0.8 -0.8 -2.4 -1.6 -2.4
N  -1.6  0.0  4.8  0.8 -2.4  0.0  0.0  0.0  0.8 -2.4 -2.4  0.0 -1.6 -2.4 -1.6  0.8  0.0 -3.2 -1.6 -2.4
D  -1.6 -1.6  0.8  4.8 -2.4  0.0  1.6 -0.8 -0.8 -2.4 -3.2 -0.8 -2.4 -2.4 -0.8  0.0 -0.8 -3.2 -2.4 -2.4
C   0.0 -2.4 -2.4 -2.4  7.2 -2.4 -3.2 -2.4 -2.4 -0.8 -0.8 -2.4 -0.8 -1.6 -2.4 -0.8 -0.8 -1.6 -1.6 -0.8
Q  -0.8  0.8  0.0  0.0 -2.4  4.0  1.6 -1.6  0.0 -2.4 -1.6  0.8  0.0 -2.4 -0.8  0.0 -0.8 -1.6 -0.8 -1.6
E  -0.8  0.0  0.0  1.6 -3.2  1.6  4.0 -1.6  0.0 -2.4 -2.4  0.8 -1.6 -2.4 -0.8  0.0 -0.8 -2.4 -1.6 -1.6
G   0.0 -1.6  0.0 -0.8 -2.4 -1.6 -1.6  4.8 -1.6 -3.2 -3.2 -1.6 -2.4 -2.4 -1.6  0.0 -1.6 -1.6 -2.4 -2.4
H  -1.6  0.0  0.8 -0.8 -2.4  0.0  0.0 -1.6  6.4 -2.4 -2.4 -0.8 -1.6 -0.8 -1.6 -0.8 -1.6 -1.6  1.6 -2.4
I  -0.8 -2.4 -2.4 -2.4 -0.8 -2.4 -2.4 -3.2 -2.4  3.2  1.6 -2.4  0.8  0.0 -2.4 -1.6 -0.8 -2.4 -0.8  2.4
L  -0.8 -1.6 -2.4 -3.2 -0.8 -1.6 -2.4 -3.2 -2.4  1.6  3.2 -1.6  1.6  0.0 -2.4 -1.6 -0.8 -1.6 -0.8  0.8
K  -0.8  1.6  0.0 -0.8 -2.4  0.8  0.8 -1.6 -0.8 -2.4 -1.6  4.0 -0.8 -2.4 -0.8  0.0 -0.8 -2.4 -1.6 -1.6
M  -0.8 -0.8 -1.6 -2.4 -0.8  0.0 -1.6 -2.4 -1.6  0.8  1.6 -0.8  4.0  0.0 -1.6 -0.8 -0.8 -0.8 -0.8  0.8
F  -1.6 -2.4 -2.4 -2.4 -1.6 -2.4 -2.4 -2.4 -0.8  0.0  0.0 -2.4  0.0  4.8 -3.2 -1.6 -1.6  0.8  2.4 -0.8
P  -0.8 -1.6 -1.6 -0.8 -2.4 -0.8 -0.8 -1.6 -1.6 -2.4 -2.4 -0.8 -1.6 -3.2  5.6 -0.8 -0.8 -3.2 -2.4 -1.6
S   0.8 -0.8  0.8  0.0 -0.8  0.0  0.0  0.0 -0.8 -1.6 -1.6  0.0 -0.8 -1.6 -0.8  3.2  0.8 -2.4 -1.6 -1.6
T   0.0 -0.8  0.0 -0.8 -0.8 -0.8 -0.8 -1.6 -1.6 -0.8 -0.8 -0.8 -0.8 -1.6 -0.8  0.8  4.0 -1.6 -1.6  0.0
W  -2.4 -2.4 -3.2 -3.2 -1.6 -1.6 -2.4 -1.6 -1.6 -2.4 -1.6 -2.4 -0.8  0.8 -3.2 -2.4 -1.6  8.8  1.6 -2.4
Y  -1.6 -1.6 -1.6 -2.4 -1.6 -0.8 -1.6 -2.4  1.6 -0.8 -0.8 -1.6 -0.8  2.4 -2.4 -1.6 -1.6  1.6  5.6 -0.8
V   0.0 -2.4 -2.4 -2.4 -0.8 -1.6 -1.6 -2.4 -2.4  2.4  0.8 -1.6  0.8 -0.8 -1.6 -1.6  0.0 -2.4 -0.8  3.2
